Character table of Sysmmetric Group (n=11)
56X56	[11]	[10 1]	[9 2]	[9 1 1]	[8 3]	[8 2 1]	[8 1 1 1]	[7 4]	[7 3 1]	[7 2 2]	[7 2 1 1]	[7 1 1 1 1]	[6 5]	[6 4 1]	[6 3 2]	[6 3 1 1]	[6 2 2 1]	[6 2 1 1 1]	[6 1 1 1 1 1]	[5 5 1]	[5 4 2]	[5 4 1 1]	[5 3 3]	[5 3 2 1]	[5 3 1 1 1]	[5 2 2 2]	[5 2 2 1 1]	[5 2 1 1 1 1]	[5 1 1 1 1 1 1]	[4 4 3]	[4 4 2 1]	[4 4 1 1 1]	[4 3 3 1]	[4 3 2 2]	[4 3 2 1 1]	[4 3 1 1 1 1]	[4 2 2 2 1]	[4 2 2 1 1 1]	[4 2 1 1 1 1 1]	[4 1 1 1 1 1 1 1]	[3 3 3 2]	[3 3 3 1 1]	[3 3 2 2 1]	[3 3 2 1 1 1]	[3 3 1 1 1 1 1]	[3 2 2 2 2]	[3 2 2 2 1 1]	[3 2 2 1 1 1 1]	[3 2 1 1 1 1 1 1]	[3 1 1 1 1 1 1 1 1]	[2 2 2 2 2 1]	[2 2 2 2 1 1 1]	[2 2 2 1 1 1 1 1]	[2 2 1 1 1 1 1 1 1]	[2 1 1 1 1 1 1 1 1 1]	[1 1 1 1 1 1 1 1 1 1 1]	
[11]	1	-1	0	1	0	0	-1	0	0	0	0	1	0	0	0	0	0	0	-1	0	0	0	0	0	0	0	0	0	1	0	0	0	0	0	0	0	0	0	0	-1	0	0	0	0	0	0	0	0	0	1	0	0	0	0	-1	1	
[10 1]	1	0	-1	0	0	1	0	0	0	0	-1	0	0	0	0	0	0	1	0	0	0	0	0	0	0	0	0	-1	0	0	0	0	0	0	0	0	0	0	1	0	0	0	0	0	0	0	0	0	-1	0	0	0	0	1	0	-1	
[9 2]	1	-1	1	0	-1	0	0	0	1	-1	0	0	0	0	0	-1	1	0	0	0	0	0	0	0	1	0	-1	0	0	0	0	0	0	0	0	-1	0	1	0	0	0	0	0	0	1	0	0	-1	0	0	0	0	1	-1	1	-1	
[9 1 1]	1	1	-1	0	-1	0	0	0	1	1	0	0	0	0	0	-1	-1	0	0	0	0	0	0	0	1	0	1	0	0	0	0	0	0	0	0	-1	0	-1	0	0	0	0	0	0	1	0	0	1	0	0	0	0	-1	-1	1	1	
[8 3]	1	-1	0	1	1	-1	0	-1	0	1	0	0	0	1	-1	0	0	0	0	0	0	-1	0	1	0	-1	0	0	0	0	0	1	0	0	-1	0	1	0	0	0	0	0	0	1	-1	0	-1	0	1	-1	0	1	-1	0	1	-1	
[8 2 1]	1	0	0	-1	0	1	0	-1	0	-1	0	0	0	1	0	0	0	0	0	0	0	-1	0	0	0	1	0	0	0	0	0	1	0	0	0	0	-1	0	0	0	0	0	0	0	-1	0	1	0	1	-1	0	-1	0	0	0	1	
[8 1 1 1]	1	2	0	1	-2	-1	0	-1	0	1	0	0	0	1	2	0	0	0	0	0	0	-1	0	-2	0	-1	0	0	0	0	0	1	0	0	2	0	1	0	0	0	0	0	0	-2	-1	0	-1	0	1	-1	0	1	2	0	-2	-1	
[7 4]	1	-1	0	1	0	0	-1	1	-1	0	1	0	-1	0	1	0	-1	0	0	1	-1	0	0	0	0	1	0	0	0	0	1	-1	0	-1	0	1	0	0	-1	1	0	0	1	-1	0	-1	0	1	0	-1	1	-1	0	0	1	-1	
[7 3 1]	1	0	-1	0	1	0	1	0	0	0	-1	0	-1	0	0	0	1	0	0	1	0	0	-1	0	0	-1	0	0	0	0	0	-1	1	0	0	1	0	0	-1	1	0	-1	0	0	0	1	0	0	0	0	-1	0	1	-1	0	1	
[7 2 2]	1	-1	2	-1	-2	0	1	1	1	0	-1	0	-1	0	-1	0	1	0	0	1	-1	0	2	0	0	-1	0	0	0	0	1	-1	-2	1	0	1	0	0	-1	1	0	2	-1	-1	0	1	0	1	0	-1	-1	1	-2	2	-1	1	
[7 2 1 1]	1	1	0	-1	0	0	-1	-1	1	0	1	0	-1	0	-1	0	-1	0	0	1	1	0	0	0	0	1	0	0	0	0	-1	-1	0	1	0	1	0	0	-1	1	0	0	-1	1	0	-1	0	-1	0	1	1	1	0	0	-1	-1	
[7 1 1 1 1]	1	3	2	3	-2	0	1	-3	-3	0	-1	0	-1	0	3	0	1	0	0	1	3	0	2	0	0	-1	0	0	0	0	-3	-1	-2	-3	0	1	0	0	-1	1	0	2	3	3	0	1	0	-3	0	3	-1	-3	-2	2	3	1	
[6 5]	1	-1	0	1	0	0	-1	0	0	0	0	1	1	-1	0	1	0	-1	0	-1	1	1	0	-1	-1	0	1	1	-1	0	-1	0	0	1	1	0	-1	-1	0	1	0	0	-1	0	0	1	1	0	0	-1	-1	0	0	0	1	-1	
[6 4 1]	1	0	-1	0	0	1	0	1	-1	0	0	-1	0	0	0	0	0	1	0	-1	0	1	1	0	-1	0	-1	1	-1	-1	0	0	0	0	0	0	1	0	0	0	-1	1	0	0	0	-1	0	-1	1	0	0	1	0	-1	0	1	
[6 3 2]	1	-1	1	0	0	-1	1	-1	1	0	0	-1	1	0	0	-1	0	1	0	-1	0	1	-1	1	-1	0	-1	1	-1	1	-1	0	0	-1	1	0	1	-1	0	1	1	-1	0	0	0	-1	0	1	-1	0	1	-1	0	1	-1	1	
[6 3 1 1]	1	1	-1	0	0	-1	1	1	1	0	0	1	-1	0	0	-1	0	-1	0	-1	0	1	-1	1	-1	0	1	1	-1	-1	1	0	0	-1	-1	0	-1	1	0	-1	1	1	0	0	0	1	0	-1	1	0	1	-1	0	1	-1	-1	
[6 2 2 1]	1	0	1	-2	0	1	0	-1	-1	0	0	1	0	2	0	0	0	-1	0	-1	-2	1	1	0	-1	0	1	1	-1	1	0	0	0	0	0	0	-1	0	0	0	-1	-1	2	0	0	1	-2	1	-1	2	0	1	0	-1	0	-1	
[6 2 1 1 1]	1	2	1	0	0	-1	-2	-1	1	0	0	-1	-2	0	0	2	0	1	0	-1	0	1	-1	-2	-1	0	-1	1	-1	1	2	0	0	2	-2	0	1	2	0	-2	1	-1	0	0	0	-1	0	1	-1	0	-2	-1	0	1	2	1	
[6 1 1 1 1 1]	1	4	5	6	0	5	4	-5	-5	0	0	1	-4	-6	0	-4	0	-1	0	-1	6	1	5	4	-1	0	1	1	-1	5	4	0	0	-4	-4	0	-1	4	0	-4	-5	-5	-6	0	0	1	6	5	-5	-6	4	5	0	-5	-4	-1	
[5 5 1]	1	0	-1	0	0	1	0	0	0	0	-1	0	2	-2	0	2	0	-1	2	0	0	0	0	0	0	0	0	-1	0	2	0	0	-2	0	0	0	0	2	-1	0	2	0	0	0	0	0	-2	0	1	0	2	0	0	-1	0	1	
[5 4 2]	1	-1	1	0	-1	0	0	1	0	-1	1	-1	0	-1	1	0	0	-1	2	0	1	0	-1	-1	1	0	1	-1	-1	-1	0	0	2	0	-1	0	0	0	1	0	-1	-1	1	1	-1	0	-1	0	0	0	0	1	-1	1	-1	1	
[5 4 1 1]	1	1	-1	0	-1	0	0	1	0	1	1	-1	2	-1	-1	0	0	-1	0	0	-1	0	1	1	1	0	-1	1	1	1	0	0	0	0	-1	0	0	0	-1	0	-1	-1	1	1	-1	0	1	0	0	0	-2	-1	1	1	-1	-1	
[5 3 3]	1	-1	0	1	2	-2	1	-2	0	2	0	-1	1	1	-2	1	0	-1	2	-1	1	-1	2	-1	1	0	1	-1	-1	-2	1	0	0	1	-1	0	-1	1	0	1	-2	2	1	-2	2	-1	1	0	-2	1	1	-2	2	0	-1	1	
[5 3 2 1]	1	0	0	-1	1	0	1	-1	0	-1	0	0	1	-1	1	1	0	-1	0	1	0	-1	-1	0	0	0	0	1	0	0	1	0	0	-1	0	0	1	-1	0	-1	0	1	0	-1	1	-1	1	0	0	1	-1	1	-1	0	0	-1	
[5 3 1 1 1]	1	2	0	1	-1	-2	1	1	0	-1	0	2	1	1	1	1	0	-1	2	-1	-2	-1	-1	2	-2	0	-2	-1	2	-2	1	0	0	1	2	0	-1	1	0	1	-2	-1	-2	1	-1	-1	1	0	-2	1	1	1	-1	0	2	1	
[5 2 2 2]	1	-1	3	-2	-3	0	2	3	0	3	-3	1	-2	-1	-3	4	0	-1	0	2	1	-2	3	-1	-1	0	1	1	-1	-3	2	0	0	-2	1	0	2	-4	3	-2	3	-3	-1	3	-3	-2	1	0	0	2	2	-3	3	-3	1	-1	
[5 2 2 1 1]	1	1	1	-2	1	0	-2	-1	0	1	1	1	0	-1	-1	0	0	-1	2	2	-1	2	1	1	-1	0	-1	-1	1	-1	-2	0	2	-2	1	0	2	0	1	-2	-1	1	-1	-1	1	2	-1	0	0	-2	0	-1	1	1	1	1	
[5 2 1 1 1 1]	1	3	3	2	1	0	-2	-1	0	-1	-3	-3	-2	-1	1	4	0	-1	0	-2	-3	2	-1	3	3	0	-3	1	3	-3	-2	0	0	2	-3	0	-2	-4	3	2	3	1	3	-1	1	2	1	0	0	-2	2	1	-1	-3	-3	-1	
[5 1 1 1 1 1 1]	1	5	9	10	5	16	10	-5	0	5	9	5	-8	-17	-5	-8	0	-1	2	-10	-5	-10	5	5	-5	0	-5	-1	5	7	10	0	18	10	5	0	-10	-8	9	10	7	5	-5	-5	5	-10	-17	0	16	10	-8	-5	5	9	5	1	
[4 4 3]	1	-1	0	1	1	-1	0	1	-2	1	2	-2	-2	1	1	0	-2	0	2	2	-2	-1	0	1	0	1	0	0	-2	2	0	1	-2	0	1	-2	-1	0	2	0	2	0	-2	1	1	2	1	-2	-1	1	-2	1	1	0	-1	1	
[4 4 2 1]	1	0	0	-1	0	1	0	1	-2	-1	2	-2	0	1	0	0	0	0	0	-2	2	-1	0	0	0	-1	0	0	2	-2	0	1	0	0	0	0	1	0	-2	0	2	0	-2	0	1	2	-1	2	-1	1	0	-1	0	0	0	-1	
[4 4 1 1 1]	1	2	0	1	-2	-1	0	1	-2	1	2	-2	4	1	-2	0	4	0	-4	2	-2	-1	0	-2	0	1	0	0	-2	2	0	1	4	0	-2	4	-1	0	2	0	2	0	-2	-2	1	2	1	-2	-1	1	4	1	-2	0	2	1	
[4 3 3 1]	1	0	-1	0	2	-1	2	1	-1	0	0	-1	-2	0	0	0	2	-1	0	1	0	1	1	-2	1	0	-1	1	1	1	-2	0	0	2	2	-2	-1	0	0	-2	-1	-1	0	0	0	-1	0	1	1	0	2	-1	-2	1	0	-1	
[4 3 2 2]	1	-1	2	-1	-1	-1	2	1	0	1	0	-2	0	-1	1	0	-2	2	0	0	0	1	-2	1	-2	-1	2	-2	2	2	-2	1	0	2	-1	2	-1	0	0	-2	-2	2	0	-1	-1	0	1	0	1	1	0	-1	1	-2	1	-1	
[4 3 2 1 1]	1	1	0	-1	1	-1	0	1	0	-1	2	0	0	-1	-1	0	0	0	-2	0	2	-1	0	1	0	-1	0	0	0	0	0	-1	-2	0	1	0	-1	0	2	0	0	0	2	-1	-1	0	-1	0	-1	-1	0	1	1	0	1	1	
[4 3 1 1 1 1]	1	3	2	3	-1	-1	2	1	-4	-3	0	2	4	3	-3	0	2	2	0	4	0	1	-2	1	-2	3	2	-2	-2	-2	-2	-3	0	2	-1	-2	-1	0	0	-2	2	2	0	3	3	-4	-3	4	1	-3	-4	-1	1	-2	-3	-1	
[4 2 2 2 1]	1	0	2	-3	0	1	0	1	-4	3	0	2	0	3	0	0	0	-2	0	-4	0	1	-2	0	2	-3	2	-2	2	2	0	-3	0	0	0	0	1	0	0	0	2	-2	0	0	3	-4	3	-4	1	-3	0	1	0	2	0	1	
[4 2 2 1 1 1]	1	2	2	-1	2	-1	-4	1	0	1	0	-2	0	-1	-2	0	4	2	0	0	0	1	-2	-2	-2	-1	2	-2	2	2	4	1	0	-4	2	-4	-1	0	0	4	-2	2	0	2	-1	0	1	0	1	1	0	-1	-2	-2	-2	-1	
[4 2 1 1 1 1 1]	1	4	6	5	4	5	0	1	0	-1	-4	-6	0	-1	-4	0	0	-6	-8	0	-4	5	-6	4	6	5	6	-6	-6	-6	0	5	-8	0	4	0	5	0	-4	0	-6	-6	-4	-4	-1	0	-1	0	5	5	0	1	4	6	4	1	
[4 1 1 1 1 1 1 1]	1	6	14	15	14	35	20	1	20	21	36	14	-8	-21	-6	0	20	14	0	-20	-36	-35	-14	-14	-14	15	14	-14	-14	-14	-20	-15	0	20	14	-20	35	0	-36	-20	14	14	36	6	-21	20	21	-20	-35	-15	8	-1	-14	-14	-6	-1	
[3 3 3 2]	1	-1	1	0	2	-3	3	-3	1	2	0	-3	3	0	0	-1	-2	3	0	-3	0	3	3	-3	1	6	-1	-3	3	-3	3	-6	0	-3	3	2	-3	1	0	-3	3	-3	0	0	-2	3	0	-1	3	0	-3	3	-2	-1	1	-1	
[3 3 3 1 1]	1	1	-1	0	2	-3	3	3	1	-2	0	3	-3	0	0	-1	2	-3	0	-3	0	3	3	-3	1	6	1	-3	3	3	-3	6	0	-3	-3	2	3	-1	0	3	3	3	0	0	-2	-3	0	1	-3	0	-3	3	2	-1	1	1	
[3 3 2 2 1]	1	0	1	-2	2	-1	2	-1	-1	0	0	1	2	-2	4	0	-2	1	-4	1	-2	1	1	-2	1	0	1	1	1	-1	2	0	0	2	-2	-2	1	0	0	2	-1	1	-2	4	0	1	-2	-1	-1	-2	2	-1	2	1	0	1	
[3 3 2 1 1 1]	1	2	1	0	2	-3	0	3	1	-4	0	3	0	0	0	2	-2	3	0	-3	0	-3	3	0	1	0	-1	-3	-3	3	0	0	0	0	0	2	3	-2	0	0	-3	-3	0	0	4	3	0	-1	3	0	0	-3	-2	-1	-2	-1	
[3 3 1 1 1 1 1]	1	4	5	6	2	3	6	3	-5	-8	0	9	6	6	-12	-4	-10	9	12	9	6	9	-3	-6	1	0	1	9	9	3	6	0	0	6	-6	-10	9	-4	0	6	3	-3	6	-12	-8	9	6	-5	3	6	6	3	2	5	4	1	
[3 2 2 2 2]	1	-1	4	-3	-3	-1	4	5	-2	9	-6	2	-2	-3	-3	8	-6	4	-6	2	6	-5	-4	1	-4	9	-4	4	2	-2	-4	9	6	-4	1	-6	-5	8	-6	4	-2	-4	6	-3	9	2	-3	-2	-1	-3	-2	5	-3	4	-1	1	
[3 2 2 2 1 1]	1	1	2	-3	3	-1	-2	1	-2	3	0	4	2	-3	3	-4	0	2	0	2	0	1	2	1	2	-3	-2	-2	-4	-4	-2	3	0	2	-1	0	-1	4	0	2	4	-2	0	-3	-3	-2	3	2	1	3	-2	-1	-3	-2	-1	-1	
[3 2 2 1 1 1 1]	1	3	4	1	5	-1	-4	5	2	-3	-6	-2	2	1	1	0	-2	4	2	-2	-2	-5	4	1	4	-3	4	4	-2	2	-4	-3	6	-4	1	-2	-5	0	-6	-4	2	4	-2	1	-3	-2	1	2	-1	1	2	5	5	4	3	1	
[3 2 1 1 1 1 1 1]	1	5	10	9	11	15	6	9	10	-1	0	0	6	9	-9	-4	-20	-6	0	6	0	9	-6	-15	10	-15	-10	6	0	0	6	15	0	-6	15	20	-9	4	0	-6	0	6	0	9	1	-6	-9	-10	-15	-9	-6	-9	-11	-10	-5	-1	
[3 1 1 1 1 1 1 1 1]	1	7	20	21	29	63	36	21	70	49	90	42	6	21	21	56	50	84	42	-6	-42	-21	-36	-63	28	-15	28	84	42	-42	-84	-15	-90	-84	-63	50	-21	56	90	36	-42	-36	-42	21	49	-6	21	70	63	21	6	21	29	20	7	1	
[2 2 2 2 2 1]	1	0	4	-5	0	1	0	5	-10	15	-6	10	0	5	0	0	0	-4	0	-10	10	-5	-20	0	20	15	-20	4	-10	10	0	-15	0	0	0	0	5	0	6	0	-10	20	-10	0	-15	10	-5	10	-1	5	0	-5	0	-4	0	-1	
[2 2 2 2 1 1 1]	1	2	4	-3	6	-1	-8	5	-2	9	-6	2	4	-3	6	-16	12	4	12	2	6	-5	-4	-2	-4	9	-4	4	2	-2	8	9	-12	8	-2	12	-5	-16	-6	-8	-2	-4	6	6	9	2	-3	-2	-1	-3	4	5	6	4	2	1	
[2 2 2 1 1 1 1 1]	1	4	8	3	12	5	-8	13	10	3	-18	-14	8	9	12	-16	0	-16	0	2	6	-17	8	4	-16	15	16	16	14	2	-8	-15	0	8	-4	0	17	16	18	8	-2	-8	-6	-12	-3	-2	-9	-10	-5	-3	-8	-13	-12	-8	-4	-1	
[2 2 1 1 1 1 1 1 1]	1	6	16	13	26	35	8	29	50	21	6	-14	20	49	34	0	-20	-56	-28	22	34	7	16	-14	-56	-15	-56	-56	-14	14	8	-15	12	8	-14	-20	7	0	6	8	14	16	34	34	21	22	49	50	35	13	20	29	26	16	6	1	
[2 1 1 1 1 1 1 1 1 1]	1	8	28	27	56	105	48	69	190	119	162	42	48	189	216	224	160	84	0	78	162	147	84	168	28	15	-28	-84	-42	42	48	-15	0	-48	-168	-160	-147	-224	-162	-48	-42	-84	-162	-216	-119	-78	-189	-190	-105	-27	-48	-69	-56	-28	-8	-1	
[1 1 1 1 1 1 1 1 1 1 1]	1	10	44	45	110	231	120	165	550	385	594	210	132	693	990	1232	1100	924	252	330	990	1155	660	2310	1540	825	1540	924	210	462	1320	825	1188	1320	2310	1100	1155	1232	594	120	462	660	990	990	385	330	693	550	231	45	132	165	110	44	10	1	
